244,560,112,100,4,0,1300,5
15
0
0
5
312,286,50,35,1
312,326,50,35,1
312,366,50,35,1
312,406,50,35,1
312,446,50,35,1
6
372,286,50,35,1
372,326,50,35,1
372,366,50,35,1
372,406,50,35,1
372,446,50,35,1
372,486,50,35,1
6
432,286,50,35,1
432,326,50,35,1
432,366,50,35,1
432,406,50,35,1
432,446,50,35,1
432,486,50,35,1
6
492,286,50,35,1
492,326,50,35,1
492,366,50,35,1
492,406,50,35,1
492,446,50,35,1
492,486,50,35,1
6
552,286,50,35,1
552,326,50,35,1
552,366,50,35,1
552,406,50,35,1
552,446,50,35,1
552,486,50,35,1
6
612,286,50,35,1
612,326,50,35,1
612,366,50,35,1
612,406,50,35,1
612,446,50,35,1
612,486,50,35,1
6
672,286,50,35,1
672,326,50,35,1
672,366,50,35,1
672,406,50,35,1
672,446,50,35,1
672,486,50,35,1
6
732,286,50,35,1
732,326,50,35,1
732,366,50,35,1
732,406,50,35,1
732,446,50,35,1
732,486,50,35,1
6
792,286,50,35,1
792,326,50,35,1
792,366,50,35,1
792,406,50,35,1
792,446,50,35,1
792,486,50,35,1
6
852,286,50,35,1
852,326,50,35,1
852,366,50,35,1
852,406,50,35,1
852,446,50,35,1
852,486,50,35,1
6
912,286,50,35,1
912,326,50,35,1
912,366,50,35,1
912,406,50,35,1
912,446,50,35,1
912,486,50,35,1
6
972,286,50,35,1
972,326,50,35,1
972,366,50,35,1
972,406,50,35,1
972,446,50,35,1
972,486,50,35,1
6
1032,286,50,35,1
1032,326,50,35,1
1032,366,50,35,1
1032,406,50,35,1
1032,446,50,35,1
1032,486,50,35,1
2200
5800
1
1
866,639,20,20,1
